d1_end=0.65;
d2_end=0.15;
d3_end=0.65;
d4_end=0.15;
d5_end=-0.65;
d6_end=0.15;
d7_end=-0.65;
d8_end=0.15;